163
7.31115015
7.0181226
8.307434224
8.138864
8.11124336
7.61754438
8.758111128
11.68333
11.554446
10.61111
0.237764444
3.775477547
0.68777
0.599813
-0.9699999
-0.3259
0.589544
0.874569
2.02555
-1.02568
-0.6588
1.258
0.0025
2.944
-0.698
0.528
-2.1
-1.25688
-3.25566
1.255
6.841
6.685
6.689
6.9686
6.2441
6.2192
6.9897
38.39
2.246
1.736
3.882
77.7389
71.5
78.177743
75.792219
78.2448907
78.401
79.3733329
5.56499
4.04576
4.04576
-5.375
0
3.627
-0.097
-1.1256337
1.284
-1.811
73.05019504
73.302136568
73.191555
73.313332
73.304437
72.9807287601
74.411199
4.22866
4.0674355
4.0674355
3.995222455
-0.000111
-1.063244405
2.922064
8.29806
11.3
8.7
-5.86
-9.282
-4.255
-5.229
-2.5001569
-2.335799
-2.86554053
-2.805954053
-2.2008665215
-2.01321882
-2.555378938
0.1347
0.145
0.145
0
-3.74
0.088996012
-0.0012109829
1.0029
1.07
0.073124431
0.062031448
1.50193
1.4222
1.8992
1.417
1.88
1.5066
1.12754996
0.07986558
-0.0005335
-1.379
0.68112
1.966856
1.295991
3.632333
1.914666
1.16385
-1.047555
-1.2061333
7.153332
0.001044432
0.54325
0.56111
0.05356899
0.048444
0.0433333
0.064455
0.03075
0.024688
0.056867
6.11155
6.9332
6.834
6.25567
6.3467
6.10655
6.12467
5.322
5.97444
5.8111
5.1256788
5.2377
5.18777
5.17895
5.142232
5.824677
5.653398
5.125568
5.91654
5.627
5.7657
4.88111
4.344444
4.122
4.222
4.612599
4.126
4.1456
-0.2
-0.2
-0.4
0.00198
-0.0009
150
0.5
-3.74
-3.74
