0 7.31115015
1 7.0181226
2 8.607434224
3 8.138864
4 7.01124336
5 7.61754438
6 8.758111128
7 11.68333
8 11.554446
9 10.61111
10 0.237764444
11 1.975477547
12 0.68777
13 -0.999813
14 -0.9699999
15 -0.3259
16 0.589544
17 0.874569
18 1.2555
19 -1.02568
20 -0.6588
21 1.258
22 0.0025
23 2.944
24 -0.698
25 0.528
26 -2.1
27 -1.25688
28 -3.25566
29 1.255
30 6.941
31 6.685
32 6.989
33 6.7686
34 6.3441
35 6.3192
36 6.9897
37 38.39
38 2.246
39 1.736
40 3.882
41 78.7389
42 75.05
43 79.177743
44 78.2792219
45 77.02448907
46 190.401
47 193.3733329
48 5.56499
49 4.04576
50 4.04576
51 -5.375
52 0
53 3.627
54 -0.097
55 -1.1256337
56 1.284
57 -1.811
58 74.0085019504
59 74.0502136568
60 74.10991555
61 74.0513332
62 73.804437
63 74.007287601
64 74.5611199
65 4.22866
66 4.0674355
67 4.0674355
68 3.995222455
69 -0.000111
70 -1.063244405
71 2.922064
72 8.29806
73 11.3
74 8.7
75 -5.86
76 -9.282
77 -4.255
78 -5.229
79 -2.5001569
80 -2.335799
81 -2.86554053
82 -2.805954053
83 -2.2008665215
84 -2.01321882
85 -2.555378938
86 0.1347
87 0.145
88 0.145
89 0
90 -3.74
91 0.078996012
92 -0.0012109829
93 1.0029
94 1.07
95 0.073124431
96 0.062031448
97 1.50193
98 1.4222
99 1.8992
100 1.417
101 1.88
102 1.5066
103 1.12754996
104 0.07986558
105 -0.0005335
106 -1.379
107 0.68112
108 1.966856
109 1.295991
110 3.632333
111 1.914666
112 1.16385
113 -1.047555
114 -1.2061333
115 7.153332
116 0.001044432
117 0.54325
118 0.56111
119 0.05356899
120 0.048444
121 0.0433333
122 0.064455
123 0.03075
124 0.024688
125 0.056867
126 6.11155
127 6.9332
128 6.834
129 6.25567
130 6.3467
131 6.10655
132 6.12467
133 5.322
134 5.97444
135 5.8111
136 5.1256788
137 5.2377
138 5.18777
139 5.17895
140 5.142232
141 5.824677
142 5.653398
143 5.125568
144 5.91654
145 5.627
146 5.7657
147 4.88111
148 4.344444
149 4.122
150 4.222
151 4.612599
152 4.126
153 4.1456
154 -0.2
155 -0.2
156 -0.4
157 0.000198
158 -0.0009
159 150
160 0.5
161 -3.74
162 -5.74
163 0.55
164 1
165 1
166 1
167 1
