1
0.9473684
0.6086956
0.5555556
1
1
1
1
0.4347826
0.92
0.9615384
0.75
1
0.5
0.8
0.25
0.4444444
0.9285714
0
1
0.3
0.3333333
0.9
0.2272727
1
0.9444444
0.4
1
1
1
0.96
0.8
0.7272727
1
1
0.64
0.3333333
1
1
1
1
0.4615385
0.9166667
1
0.9615384
0.9259259
0.7142857
0.8
0.2916667
1
0.4285714
1
1
1
0.8888889
0.9444444
0.8235294
1
0.9375
1
0.8636364
0.8666667
1
0.8888889
1
0.9
1
1
0.9259259
1
1
0.5555556
0.9333333
0.9375
0.8260869
0.9285714
0.5882353
0.4444444
0.2857143
1
1
0
0
0.9230769
0.7777778
0.7692308
0.8421053
0.95
0.6666667
0.9090909
0.9230769
0.9047619
0.9090909
0.9259259
0.9655172
0
1
0.9230769
1
0.8947368
0.7142857
0.5
1
1
1
0.9166667
1
0.9473684
0.5714286
0.4444444
1
1
0.952381
0.5555556
1
1
0.6538461
1
0.8666667
1
0.9333333
1
0.6666667
0.96
0.4375
0.6666667
0.8333333
0.875
0.7142857
0.8461539
0.9565217
1
1
1
0.9411765
0.9230769
0.4347826
0.95
1
0.0454545
0.9130435
0.8965517
0.8235294
0.3333333
1
0.8333333
1
0.9285714
1
0.6
1
1
0
0.9230769
0.76
0.3846154
0.9230769
0.9090909
0.75
0
0
0.9545454
0.6363636
0.9333333
1
1
0.25
1
0.5714286
0.5882353
1
0.9090909
1
0.9166667
1
1
0.5714286
0.7826087
0.8333333
1
1
0.7142857
1
1
0.6521739
0.8571429
0.8695652
0.952381
0.1666667
0.9444444
0.4
0
0.9444444
0
0
0.875
1
1
0
0.9259259
0.9642857
1
0
1
0.7894737
0
0.75
0.85
0.8823529
0.9677419
1
1
0.9583333
1
1
0.9655172
1
0.6818182
1
1
0.7096774
0.7272727
0.6
0.2380952
0.9166667
0.9090909
0.9615384
0.85
0
0.6206896
1
0.9615384
0.9565217
0.7916667
0.7692308
0.9090909
0.6666667
0.7857143
0.8928571
1
0.7272727
0.8571429
1
0.9090909
0.9655172
0.9565217
1
0.6666667
1
0.8181818
0.8260869
0.9310345
1
0.862069
0.7333333
1
1
0.9655172
0.6666667
0.9642857
1
0.6785714
0.9565217
0.4166667
0
0.4
0.8695652
0.8461539
0.875
0.5294118
0.75
0.5555556
0.5483871
1
0.5384616
0.92
0
0.862069
0.5555556
0.7333333
1
1
1
1
0.875
0.9473684
1
0.9615384
1
0.8965517
0.3333333
0.8636364
0.7333333
1
0.9615384
1
1
1
1
0.7777778
0.9090909
0.5
0.6
0.92
0.8846154
0.96875
1
0.8333333
1
0.7692308
1
0.3703704
1
0.9375
0.4166667
0.3333333
1
0.5714286
0.9473684
0.8
0.7142857
1
0.952381
0.9473684
0.7272727
0.65
1
0.8333333
0.9230769
1
0.8
0.6470588
1
0.5
1
1
0.9230769
1
1
1
0.8
0.8333333
0.7272727
0.6
1
0.9375
0.6190476
0.1111111
1
0
0.6
0.6923077
0.8
0.8333333
0.9259259
1
0.9230769
1
0.8
0.8
0.9411765
0.862069
0.7142857
0.9473684
1
0.3125
0.0769231
1
1
0.4285714
0.8888889
1
0.3333333
0.952381
1
1
1
0.6923077
0.5555556
0.9090909
1
0.75
0.8
0.3333333
1
1
1
0.9166667
0.9583333
0.8888889
1
0.75
1
0.7692308
0.8928571
0.8
1
0.25
1
1
0.8333333
0.8333333
1
0.9375
1
1
0.8333333
0.7777778
1
1
0
1
0.8571429
1
0.9411765
0.75
0.9285714
0.875
0.9333333
0.9333333
0.9285714
0.8235294
0.3333333
0.625
0.7826087
1
1
1
1
0.8333333
0.6666667
1
1
0.8421053
0.6521739
1
0.8571429
1
1
1
0.5714286
1
0.95
0.7391304
0.952381
0.875
1
0.84
0.5862069
0.88
1
0.8235294
1
0.9444444
1
1
0.9
0.5185185
0.1071429
0.9583333
0.6666667
0.8333333
0.8421053
1
0.875
0.9
0.6296296
0.8148148
0.9130435
0.7142857
1
0.9230769
0.9565217
1
1
1
0.64
0.9
0.962963
0.6296296
1
0.7307692
1
0.9615384
0.952381
0.8333333
0.2758621
0.9583333
0.9032258
0.5
0.375
0.5
1
1
1
1
0.7142857
0.7586207
0.6666667
0.952381
0.9310345
0.75
0.2307692
0.4545455
0.9
0.6521739
0.9583333
0.2857143
0.8333333
1
0.3333333
0.3333333
1
0.35
0
0.9090909
1
0.6666667
1
1
0.8
1
1
0.96
0.625
1
1
0.9444444
0.5
